1252233333000000777777777722220000000000002222000000 0.6832 0.88216
1447233333233300333333730033331333133323007777000000 0.70338 0.89632
1526421222122232222200000011112111717100007777174700 0.72104 0.90912
1244431333000000777777770022121212000000007777271700 0.71236 0.90364
1245211111000000777777770011313131210000007777000000 0.69002 0.88936
1448531333133300331333730011213121212121217777372717 0.7291 0.91336
1328333333130000337300000033332333737373737777570000 0.7141 0.90272
1228411111000000777700000022223222727272727777175700 0.71614 0.9049
1442332333333300332333730022320000000000007777170000 0.69436 0.89076
1246511111000000777777770011113111111100007777572747 0.72018 0.90776
1434322222322200223222000011113111000000007777370000 0.7113 0.9021
1427531333233300332300000022123212727272007777172717 0.7216 0.9094
1323332333230000337300000022221200000000007777570000 0.69522 0.89166
1224511111000000777700000033133313000000007777273757 0.7077 0.89868
1442432333333300333333730033230000000000007777375700 0.70252 0.89606
